1 195.7416534423828
2 144.47999000549316
3 196.03371620178223
4 159.34443473815918
5 175.70972442626953
6 73.71187210083008
7 134.48715209960938
8 105.71002960205078
9 240.64183235168457
10 166.76831245422363
11 248.72541427612305
12 193.58301162719727
13 226.73749923706055
14 245.41759490966797
15 379.6420097351074
16 234.31158065795898
17 263.54289054870605
18 381.9622993469238
19 288.1951332092285
20 353.16014289855957
21 255.62191009521484
22 257.7993869781494
23 291.48316383361816
24 366.97912216186523
25 387.8216743469238
26 389.5134925842285
27 351.5465259552002
28 439.65840339660645
29 619.5673942565918
30 521.6007232666016
31 431.530237197876
32 515.6729221343994
