1 2.366781234741211
2 4.700422286987305
3 4.921197891235352
4 4.792690277099609
5 5.850791931152344
6 8.365154266357422
7 3.543376922607422
8 4.864692687988281
9 71.84100151062012
10 87.62288093566895
11 64.93139266967773
12 83.84847640991211
13 106.03499412536621
14 93.3074951171875
15 164.12854194641113
16 152.65822410583496
17 205.08956909179688
18 135.53452491760254
19 189.49556350708008
20 175.54306983947754
21 188.95459175109863
22 301.26452445983887
23 251.46842002868652
24 313.3666515350342
25 277.874231338501
26 355.7713031768799
27 281.5897464752197
28 339.7183418273926
29 354.7534942626953
30 415.6968593597412
31 291.0482883453369
32 547.9176044464111
